30
30
0.367879
0.418486
0.471842
0.527292
0.584045
0.64118
0.697676
0.752432
0.804304
0.852144
0.894839
0.931358
0.960789
0.982379
0.995565
1
0.995565
0.982379
0.960789
0.931358
0.894839
0.852144
0.804304
0.752432
0.697676
0.64118
0.584045
0.527292
0.471842
0.418486
0.367879
0.418486
0.476038
0.53673
0.599814
0.664386
0.729398
0.793687
0.855999
0.915031
0.969476
1.01807
1.05963
1.09313
1.1177
1.13271
1.13776
1.13271
1.1177
1.09313
1.05963
1.01807
0.969476
0.915031
0.855999
0.793687
0.729398
0.664386
0.599814
0.53673
0.476038
0.418486
0.471842
0.53673
0.605163
0.676298
0.749115
0.822432
0.894936
0.965212
1.03179
1.0932
1.14801
1.19489
1.23267
1.26038
1.27731
1.28301
1.27731
1.26038
1.23267
1.19489
1.14801
1.0932
1.03179
0.965212
0.894936
0.822432
0.749115
0.676298
0.605163
0.53673
0.471842
0.527292
0.599814
0.676298
0.755804
0.837191
0.919139
1.00018
1.07873
1.15315
1.22179
1.28306
1.33546
1.3777
1.40868
1.4276
1.43397
1.4276
1.40868
1.3777
1.33546
1.28306
1.22179
1.15315
1.07873
1.00018
0.919139
0.837191
0.755804
0.676298
0.599814
0.527292
0.584045
0.664386
0.749115
0.837191
0.927351
1.01813
1.10791
1.19493
1.27738
1.35342
1.4213
1.47935
1.52614
1.56047
1.58143
1.58848
1.58143
1.56047
1.52614
1.47935
1.4213
1.35342
1.27738
1.19493
1.10791
1.01813
0.927351
0.837191
0.749115
0.664386
0.584045
0.64118
0.729398
0.822432
0.919139
1.01813
1.11781
1.21639
1.31194
1.40246
1.48596
1.56048
1.62423
1.6756
1.71329
1.73631
1.74405
1.73631
1.71329
1.6756
1.62423
1.56048
1.48596
1.40246
1.31194
1.21639
1.11781
1.01813
0.919139
0.822432
0.729398
0.64118
0.697676
0.793687
0.894936
1.00018
1.10791
1.21639
1.32366
1.42764
1.52616
1.61702
1.69812
1.76749
1.8234
1.86442
1.88947
1.89789
1.88947
1.86442
1.8234
1.76749
1.69812
1.61702
1.52616
1.42764
1.32366
1.21639
1.10791
1.00018
0.894936
0.793687
0.697676
0.752432
0.855999
0.965212
1.07873
1.19493
1.31194
1.42764
1.5398
1.64606
1.74406
1.83154
1.90636
1.96666
2.0109
2.03792
2.04701
2.03792
2.0109
1.96666
1.90636
1.83154
1.74406
1.64606
1.5398
1.42764
1.31194
1.19493
1.07873
0.965212
0.855999
0.752432
0.804304
0.915031
1.03179
1.15315
1.27738
1.40246
1.52616
1.64606
1.75965
1.86442
1.95793
2.03792
2.10239
2.14968
2.17857
2.18828
2.17857
2.14968
2.10239
2.03792
1.95793
1.86442
1.75965
1.64606
1.52616
1.40246
1.27738
1.15315
1.03179
0.915031
0.804304
0.852144
0.969476
1.0932
1.22179
1.35342
1.48596
1.61702
1.74406
1.86442
1.97543
2.07451
2.15927
2.22757
2.27768
2.30828
2.31858
2.30828
2.27768
2.22757
2.15927
2.07451
1.97543
1.86442
1.74406
1.61702
1.48596
1.35342
1.22179
1.0932
0.969476
0.852144
0.894839
1.01807
1.14801
1.28306
1.4213
1.56048
1.69812
1.83154
1.95793
2.07451
2.17856
2.26757
2.3393
2.39192
2.42406
2.43487
2.42406
2.39192
2.3393
2.26757
2.17856
2.07451
1.95793
1.83154
1.69812
1.56048
1.4213
1.28306
1.14801
1.01807
0.894839
0.931358
1.05963
1.19489
1.33546
1.47935
1.62423
1.76749
1.90636
2.03792
2.15927
2.26757
2.36021
2.43487
2.48964
2.5231
2.53435
2.5231
2.48964
2.43487
2.36021
2.26757
2.15927
2.03792
1.90636
1.76749
1.62423
1.47935
1.33546
1.19489
1.05963
0.931358
0.960789
1.09313
1.23267
1.3777
1.52614
1.6756
1.8234
1.96666
2.10239
2.22757
2.3393
2.43487
2.5119
2.5684
2.60291
2.61452
2.60291
2.5684
2.5119
2.43487
2.3393
2.22757
2.10239
1.96666
1.8234
1.6756
1.52614
1.3777
1.23267
1.09313
0.960789
0.982379
1.1177
1.26038
1.40868
1.56047
1.71329
1.86442
2.0109
2.14968
2.27768
2.39192
2.48964
2.5684
2.62618
2.66146
2.67333
2.66146
2.62618
2.5684
2.48964
2.39192
2.27768
2.14968
2.0109
1.86442
1.71329
1.56047
1.40868
1.26038
1.1177
0.982379
0.995565
1.13271
1.27731
1.4276
1.58143
1.73631
1.88947
2.03792
2.17857
2.30828
2.42406
2.5231
2.60291
2.66146
2.69723
2.70925
2.69723
2.66146
2.60291
2.5231
2.42406
2.30828
2.17857
2.03792
1.88947
1.73631
1.58143
1.4276
1.27731
1.13271
0.995565
1
1.13776
1.28301
1.43397
1.58848
1.74405
1.89789
2.04701
2.18828
2.31858
2.43487
2.53435
2.61452
2.67333
2.70925
2.72133
2.70925
2.67333
2.61452
2.53435
2.43487
2.31858
2.18828
2.04701
1.89789
1.74405
1.58848
1.43397
1.28301
1.13776
1
0.995565
1.13271
1.27731
1.4276
1.58143
1.73631
1.88947
2.03792
2.17857
2.30828
2.42406
2.5231
2.60291
2.66146
2.69723
2.70925
2.69723
2.66146
2.60291
2.5231
2.42406
2.30828
2.17857
2.03792
1.88947
1.73631
1.58143
1.4276
1.27731
1.13271
0.995565
0.982379
1.1177
1.26038
1.40868
1.56047
1.71329
1.86442
2.0109
2.14968
2.27768
2.39192
2.48964
2.5684
2.62618
2.66146
2.67333
2.66146
2.62618
2.5684
2.48964
2.39192
2.27768
2.14968
2.0109
1.86442
1.71329
1.56047
1.40868
1.26038
1.1177
0.982379
0.960789
1.09313
1.23267
1.3777
1.52614
1.6756
1.8234
1.96666
2.10239
2.22757
2.3393
2.43487
2.5119
2.5684
2.60291
2.61452
2.60291
2.5684
2.5119
2.43487
2.3393
2.22757
2.10239
1.96666
1.8234
1.6756
1.52614
1.3777
1.23267
1.09313
0.960789
0.931358
1.05963
1.19489
1.33546
1.47935
1.62423
1.76749
1.90636
2.03792
2.15927
2.26757
2.36021
2.43487
2.48964
2.5231
2.53435
2.5231
2.48964
2.43487
2.36021
2.26757
2.15927
2.03792
1.90636
1.76749
1.62423
1.47935
1.33546
1.19489
1.05963
0.931358
0.894839
1.01807
1.14801
1.28306
1.4213
1.56048
1.69812
1.83154
1.95793
2.07451
2.17856
2.26757
2.3393
2.39192
2.42406
2.43487
2.42406
2.39192
2.3393
2.26757
2.17856
2.07451
1.95793
1.83154
1.69812
1.56048
1.4213
1.28306
1.14801
1.01807
0.894839
0.852144
0.969476
1.0932
1.22179
1.35342
1.48596
1.61702
1.74406
1.86442
1.97543
2.07451
2.15927
2.22757
2.27768
2.30828
2.31858
2.30828
2.27768
2.22757
2.15927
2.07451
1.97543
1.86442
1.74406
1.61702
1.48596
1.35342
1.22179
1.0932
0.969476
0.852144
0.804304
0.915031
1.03179
1.15315
1.27738
1.40246
1.52616
1.64606
1.75965
1.86442
1.95793
2.03792
2.10239
2.14968
2.17857
2.18828
2.17857
2.14968
2.10239
2.03792
1.95793
1.86442
1.75965
1.64606
1.52616
1.40246
1.27738
1.15315
1.03179
0.915031
0.804304
0.752432
0.855999
0.965212
1.07873
1.19493
1.31194
1.42764
1.5398
1.64606
1.74406
1.83154
1.90636
1.96666
2.0109
2.03792
2.04701
2.03792
2.0109
1.96666
1.90636
1.83154
1.74406
1.64606
1.5398
1.42764
1.31194
1.19493
1.07873
0.965212
0.855999
0.752432
0.697676
0.793687
0.894936
1.00018
1.10791
1.21639
1.32366
1.42764
1.52616
1.61702
1.69812
1.76749
1.8234
1.86442
1.88947
1.89789
1.88947
1.86442
1.8234
1.76749
1.69812
1.61702
1.52616
1.42764
1.32366
1.21639
1.10791
1.00018
0.894936
0.793687
0.697676
0.64118
0.729398
0.822432
0.919139
1.01813
1.11781
1.21639
1.31194
1.40246
1.48596
1.56048
1.62423
1.6756
1.71329
1.73631
1.74405
1.73631
1.71329
1.6756
1.62423
1.56048
1.48596
1.40246
1.31194
1.21639
1.11781
1.01813
0.919139
0.822432
0.729398
0.64118
0.584045
0.664386
0.749115
0.837191
0.927351
1.01813
1.10791
1.19493
1.27738
1.35342
1.4213
1.47935
1.52614
1.56047
1.58143
1.58848
1.58143
1.56047
1.52614
1.47935
1.4213
1.35342
1.27738
1.19493
1.10791
1.01813
0.927351
0.837191
0.749115
0.664386
0.584045
0.527292
0.599814
0.676298
0.755804
0.837191
0.919139
1.00018
1.07873
1.15315
1.22179
1.28306
1.33546
1.3777
1.40868
1.4276
1.43397
1.4276
1.40868
1.3777
1.33546
1.28306
1.22179
1.15315
1.07873
1.00018
0.919139
0.837191
0.755804
0.676298
0.599814
0.527292
0.471842
0.53673
0.605163
0.676298
0.749115
0.822432
0.894936
0.965212
1.03179
1.0932
1.14801
1.19489
1.23267
1.26038
1.27731
1.28301
1.27731
1.26038
1.23267
1.19489
1.14801
1.0932
1.03179
0.965212
0.894936
0.822432
0.749115
0.676298
0.605163
0.53673
0.471842
0.418486
0.476038
0.53673
0.599814
0.664386
0.729398
0.793687
0.855999
0.915031
0.969476
1.01807
1.05963
1.09313
1.1177
1.13271
1.13776
1.13271
1.1177
1.09313
1.05963
1.01807
0.969476
0.915031
0.855999
0.793687
0.729398
0.664386
0.599814
0.53673
0.476038
0.418486
0.367879
0.418486
0.471842
0.527292
0.584045
0.64118
0.697676
0.752432
0.804304
0.852144
0.894839
0.931358
0.960789
0.982379
0.995565
1
0.995565
0.982379
0.960789
0.931358
0.894839
0.852144
0.804304
0.752432
0.697676
0.64118
0.584045
0.527292
0.471842
0.418486
0.367879
